v -1 -1  1
v  1 -1  1
v  1  1  1
v -1  1  1
v  1 -1 -1
v -1 -1 -1
v -1  1 -1
v  1  1 -1
v -1 -1 -1
v -1 -1  1
v -1  1  1
v -1  1 -1
v  1 -1  1
v  1 -1 -1
v  1  1 -1
v  1  1  1
v -1  1  1
v  1  1  1
v  1  1 -1
v -1  1 -1
v -1 -1 -1
v  1 -1 -1
v  1 -1  1
v -1 -1  1

c 1 0 0 1
c 1 0 0 1
c 1 0 0 1
c 1 0 0 1
c 0 1 0 1
c 0 1 0 1
c 0 1 0 1
c 0 1 0 1
c 0 0 1 1
c 0 0 1 1
c 0 0 1 1
c 0 0 1 1
c 1 1 0 1
c 1 1 0 1
c 1 1 0 1
c 1 1 0 1
c 1 0 1 1
c 1 0 1 1
c 1 0 1 1
c 1 0 1 1
c 0 1 1 1
c 0 1 1 1
c 0 1 1 1
c 0 1 1 1

vt 0.0 1.0
vt 1.0 1.0
vt 1.0 0.0
vt 0.0 0.0

i 0 1 2
i 2 3 0
i 4 5 6
i 6 7 4
i 8 9 10
i 10 11 8
i 12 13 14
i 14 15 12
i 16 17 18
i 18 19 16
i 20 21 22
i 22 23 20
