# x y z nx ny nx
v -1 -1  1   0  0  1
v  1 -1  1   0  0  1
v  1  1  1   0  0  1
v -1  1  1   0  0  1
v  1 -1 -1   0  0 -1
v -1 -1 -1   0  0 -1
v -1  1 -1   0  0 -1
v  1  1 -1   0  0 -1
v -1 -1 -1  -1  0  0
v -1 -1  1  -1  0  0
v -1  1  1  -1  0  0
v -1  1 -1  -1  0  0
v  1 -1  1   1  0  0
v  1 -1 -1   1  0  0
v  1  1 -1   1  0  0
v  1  1  1   1  0  0
v -1  1  1   0  1  0
v  1  1  1   0  1  0
v  1  1 -1   0  1  0
v -1  1 -1   0  1  0
v -1 -1 -1   0 -1  0
v  1 -1 -1   0 -1  0
v  1 -1  1   0 -1  0
v -1 -1  1   0 -1  0


vt 0.0 1.0
vt 1.0 1.0
vt 1.0 0.0
vt 0.0 0.0
