v -1.0  1.0 -1.0
v  1.0  1.0 -1.0 
v -1.0 -1.0 -1.0 
v -1.0 -1.0 -1.0 
v  1.0  1.0 -1.0 
v  1.0 -1.0 -1.0 
v  1.0  1.0 -1.0 
v  1.0  1.0  1.0 
v  1.0 -1.0 -1.0 
v  1.0 -1.0 -1.0 
v  1.0  1.0  1.0 
v  1.0 -1.0  1.0 
v  1.0  1.0  1.0 
v -1.0  1.0  1.0 
v  1.0 -1.0  1.0 
v  1.0 -1.0  1.0 
v -1.0  1.0  1.0 
v -1.0 -1.0  1.0 
v -1.0  1.0  1.0 
v -1.0  1.0 -1.0 
v -1.0 -1.0  1.0 
v -1.0 -1.0  1.0 
v -1.0  1.0 -1.0 
v -1.0 -1.0 -1.0 
v -1.0  1.0  1.0 
v  1.0  1.0  1.0 
v -1.0  1.0 -1.0 
v -1.0  1.0 -1.0 
v  1.0  1.0  1.0 
v  1.0  1.0 -1.0 
v -1.0 -1.0 -1.0 
v  1.0 -1.0 -1.0 
v -1.0 -1.0  1.0 
v -1.0 -1.0  1.0 
v  1.0 -1.0 -1.0 
v  1.0 -1.0  1.0 

c 1.0 0.0 0.0 1.0
c 1.0 1.0 0.0 1.0
c 0.0 0.0 1.0 1.0
c 1.0 1.0 0.0 1.0
c 0.0 1.0 1.0 1.0
c 1.0 0.0 1.0 1.0
c 1.0 1.0 1.0 1.0
c 0.0 0.0 0.0 1.0
c 1.0 0.0 0.0 1.0
c 0.0 1.0 0.0 1.0
c 0.0 0.0 1.0 1.0
c 1.0 1.0 0.0 1.0
c 0.0 1.0 1.0 1.0
c 1.0 0.0 1.0 1.0
c 1.0 1.0 1.0 1.0
c 0.0 0.0 1.0 1.0
c 1.0 0.0 0.0 1.0
c 0.0 1.0 0.0 1.0
c 0.0 0.0 1.0 1.0
c 1.0 1.0 0.0 1.0
c 0.0 1.0 1.0 1.0
c 1.0 0.0 1.0 1.0
c 1.0 1.0 1.0 1.0
c 0.0 0.0 0.0 1.0
c 1.0 0.0 0.0 1.0
c 0.0 1.0 0.0 1.0
c 0.0 0.0 1.0 1.0
c 1.0 1.0 0.0 1.0
c 0.0 1.0 1.0 1.0
c 1.0 0.0 1.0 1.0
c 1.0 1.0 1.0 1.0
c 0.0 0.0 0.0 1.0
c 1.0 0.0 1.0 1.0
c 1.0 1.0 1.0 1.0
c 0.0 0.0 0.0 1.0
c 0.0 0.0 0.0 1.0 

i 0 1 2
i 3 4 5
i 6 7 8
i 9 10 11
i 12 13 14
i 15 16 17
i 18 19 20
i 21 22 23
i 24 25 26
i 27 28 29
i 30 31 32
i 33 34 35
